	SNP	Chromosome	Position	trait1
1	ENSG00000001497	23	64732461	0.425214530018652
2	ENSG00000004487	1	23345940	7.85621726776142e-05
3	ENSG00000005302	23	11776277	0.366628967225532
4	ENSG00000005339	16	3775054	0.0201016764224682
5	ENSG00000005483	7	104654625	0.157103698278402
6	ENSG00000006459	7	139784545	0.161285927211246
7	ENSG00000006712	19	39876491	0.372852297464137
8	ENSG00000008083	6	15246526	0.221864872005403
9	ENSG00000008324	3	42623331	0.159426570548445
10	ENSG00000009954	7	72854727	0.124664598269455
11	ENSG00000010803	1	41492871	0.108451252933559
12	ENSG00000011258	17	49254785	0.00164012078959607
13	ENSG00000011332	19	38701645	2.67391028537151e-07
14	ENSG00000012048	17	41196311	0.000250887921290677
15	ENSG00000012817	24	21867300	0.285142171907442
16	ENSG00000012963	14	93673400	0.0877431540491356
17	ENSG00000015153	12	42550905	0.725246281725139
18	ENSG00000015171	10	180404	0.000232097477132469
19	ENSG00000019485	11	45115563	0.113205958090049
20	ENSG00000019549	8	49830248	4.86349227291107e-06
21	ENSG00000024048	6	42531799	0.0200444391626924
22	ENSG00000025293	20	34359904	0.00276264973239092
23	ENSG00000028310	5	850405	0.0154056260053018
24	ENSG00000032219	14	58765102	0.000132915454663949
25	ENSG00000036257	2	225334866	0.508428623385972
26	ENSG00000036549	1	78030184	0.514462637170329
27	ENSG00000041880	3	51976360	0.0037936925456284
28	ENSG00000043143	5	133860002	0.146618698466777
29	ENSG00000048052	7	18535368	0.628131878089776
30	ENSG00000048649	11	77371040	0.759002945061875
31	ENSG00000049618	6	157099062	0.74801348628474
32	ENSG00000049768	23	49106896	0.0443373217610516
33	ENSG00000051180	15	40986971	3.69012839168892e-10
34	ENSG00000054267	1	235330209	0.252135474969445
35	ENSG00000055130	7	148395005	0.0992382909051805
36	ENSG00000055483	17	76783548	0.0932373068790167
37	ENSG00000055609	7	151832009	0.022117796654968
38	ENSG00000057657	6	106534194	0.262143335352898
39	ENSG00000057935	2	42721708	0.0060912021190296
40	ENSG00000059758	12	96672038	0.072272204104163
41	ENSG00000061273	12	48176504	0.32729011595165
42	ENSG00000061455	5	122424815	0.109547971068136
43	ENSG00000064313	8	120743014	0.000140598594572914
44	ENSG00000064655	20	45523262	0.201101320966602
45	ENSG00000064961	19	3572774	0.00021863370619385
46	ENSG00000065526	1	16174358	0.36774265103748
47	ENSG00000065717	19	2997635	1.10670544963753e-07
48	ENSG00000066117	12	50478754	0.00354706976172136
49	ENSG00000066135	1	44115828	0.164770648026218
50	ENSG00000066136	1	41157319	0.297064461290278
51	ENSG00000067066	2	231280656	0.853874632380835
52	ENSG00000067225	15	72491369	3.41081974613683e-08
53	ENSG00000067334	1	94333372	0.0151134745192708
54	ENSG00000067369	15	43699406	0.317665720997994
55	ENSG00000068024	2	239969863	0.863909825908577
56	ENSG00000068903	19	39369196	0.0340864799684874
57	ENSG00000070061	9	111629796	0.696083047687809
58	ENSG00000070495	17	74708918	2.88869858469521e-06
59	ENSG00000071243	7	120590802	7.97607734137289e-05
60	ENSG00000071655	19	1576638	0.363433281466242
61	ENSG00000071794	3	148747913	0.000709948721913318
62	ENSG00000072401	10	60094734	5.66659750987981e-05
63	ENSG00000073584	17	38781213	0.0477970667692155
64	ENSG00000073614	12	389294	0.491851709046553
65	ENSG00000074201	11	77325574	0.110051519132694
66	ENSG00000074266	11	85955585	0.527047710268792
67	ENSG00000074657	18	56529831	0.00020603541867448
68	ENSG00000075089	12	100592899	0.377917293209196
69	ENSG00000075624	7	5566781	5.43602349273919e-05
70	ENSG00000075914	3	45016732	0.785551372906638
71	ENSG00000076108	12	56989379	0.0102640132350468
72	ENSG00000077080	7	100240719	0.735170883265012
73	ENSG00000077097	3	25639476	0.0988040852895001
74	ENSG00000077152	1	202300784	4.52484228394784e-10
75	ENSG00000077348	19	41892278	0.218817128917663
76	ENSG00000077463	19	4174105	0.0526402062073786
77	ENSG00000077684	4	129730778	0.0016538259924255
78	ENSG00000077721	23	118708500	0.000386024376825316
79	ENSG00000078403	10	21823101	0.812469850747927
80	ENSG00000078487	7	99998475	0.000198875024878442
81	ENSG00000079263	2	231067825	0.0096924536001758
82	ENSG00000079387	12	48436680	0.0260579904252397
83	ENSG00000079999	19	10596795	0.0100962604653362
84	ENSG00000080503	9	2015341	2.27022574340934e-06
85	ENSG00000080603	16	30709529	0.460603142179485
86	ENSG00000082014	7	150935849	0.0812023348826887
87	ENSG00000083168	8	41786996	0.05905643777208
88	ENSG00000083544	13	60970590	0.014100685396558
89	ENSG00000084093	4	57774074	0.707257693668776
90	ENSG00000084676	2	24714782	0.0339261392836673
91	ENSG00000085185	23	129115082	2.55165621729535e-06
92	ENSG00000085224	23	76760355	0.771619797727662
93	ENSG00000085999	1	46713359	3.36886645110465e-10
94	ENSG00000086758	23	53559056	0.278407457371925
95	ENSG00000087152	17	42269172	0.00898954921698517
96	ENSG00000087206	5	176332005	0.243393133478125
97	ENSG00000087586	20	54944444	1.4183023059481e-16
98	ENSG00000088305	20	31350190	2.3125878524564e-06
99	ENSG00000089094	12	121866899	0.221184655116931
100	ENSG00000089902	14	103058997	0.000294761983835286
101	ENSG00000092201	14	21819630	0.0636330783078369
102	ENSG00000094631	23	48659783	0.0102183473121971
103	ENSG00000094804	17	38443884	6.0775901955501e-10
104	ENSG00000094916	12	54624723	0.320633944355111
105	ENSG00000095787	10	28821421	0.954684183610537
106	ENSG00000096070	6	36164520	0.722159074600689
107	ENSG00000096717	10	69644426	0.0832863342546935
108	ENSG00000096968	9	4985085	4.99797635206888e-05
109	ENSG00000099381	16	30968614	0.167993132329053
110	ENSG00000099860	19	2476119	0.0576212368871881
111	ENSG00000099954	22	17840836	0.0250086950139629
112	ENSG00000099956	22	24129149	0.0776827662742106
113	ENSG00000100084	22	19318220	0.00164838035805565
114	ENSG00000100298	22	39493228	8.28128610535008e-07
115	ENSG00000100307	22	39516171	1.77345875536137e-14
116	ENSG00000100387	22	41347350	0.957889509967773
117	ENSG00000100393	22	41487789	0.172983589505274
118	ENSG00000100395	22	41601208	4.05396892485582e-06
119	ENSG00000100425	22	50166930	0.00743478164358757
120	ENSG00000100429	22	50683611	0.249138532165438
121	ENSG00000100462	14	23389719	0.00742423858485342
122	ENSG00000100601	14	78138746	0.102778164849744
123	ENSG00000100749	14	97319224	0.0555221317744755
124	ENSG00000100784	14	91336798	3.70099963340193e-06
125	ENSG00000100796	14	91923954	0.148511661701658
126	ENSG00000100811	14	100704634	0.0259114715007128
127	ENSG00000100823	14	20923349	0.702454914799798
128	ENSG00000100888	14	21853352	0.832493442645999
129	ENSG00000100916	14	36295523	0.19534640935996
130	ENSG00000101040	20	45837858	0.163131610533697
131	ENSG00000101109	20	43595114	0.0501164376618007
132	ENSG00000101126	20	49505584	0.921525814136032
133	ENSG00000101189	20	61427804	3.85459515629333e-09
134	ENSG00000101266	20	459115	1.67244452975355e-05
135	ENSG00000101442	20	37377084	0.216555921925145
136	ENSG00000101493	18	74069643	0.00974379867932781
137	ENSG00000101945	23	48553944	0.200260934385258
138	ENSG00000102038	23	128580479	0.0443260872685672
139	ENSG00000102054	23	16857405	0.676526631171638
140	ENSG00000102098	23	18257433	0.0955063920155482
141	ENSG00000102221	23	46771710	0.406635930535528
142	ENSG00000102226	23	47092088	0.987439627624566
143	ENSG00000102974	16	67596309	0.678238318814993
144	ENSG00000103037	16	58549382	0.331237292918699
145	ENSG00000103495	16	29817426	0.0066761675902213
146	ENSG00000103510	16	31127074	0.00270193589860524
147	ENSG00000103549	16	30773065	0.445847288856364
148	ENSG00000104313	8	72109667	6.11494298792001e-05
149	ENSG00000104320	8	90945563	0.0393224263765399
150	ENSG00000104472	8	141521396	0.000192936043957714
151	ENSG00000104517	8	103265239	0.00216896014097452
152	ENSG00000104885	19	2164147	0.290306588533723
153	ENSG00000105011	19	14230320	0.00242233234309989
154	ENSG00000105146	19	57742376	0.0612062278157816
155	ENSG00000105202	19	40325097	0.179116458153667
156	ENSG00000105393	19	17378158	0.76196185531177
157	ENSG00000105618	19	54618836	0.331772082550677
158	ENSG00000105619	19	54610319	0.678589842183694
159	ENSG00000105821	7	102952920	0.00414061310343044
160	ENSG00000106290	7	99704692	0.0309341042898587
161	ENSG00000106400	7	100860948	0.840222800383847
162	ENSG00000106443	7	11013498	0.0214681834604817
163	ENSG00000106462	7	148504474	0.0044259105276291
164	ENSG00000106617	7	151253196	0.0173292595332918
165	ENSG00000106829	9	82186687	0.0581739246387815
166	ENSG00000107077	9	6720862	0.00555420453222434
167	ENSG00000107371	9	37766974	0.893226279900163
168	ENSG00000107625	10	70661033	0.159507429531865
169	ENSG00000108094	10	35297478	0.000507553439872118
170	ENSG00000108468	17	46147413	0.0016800458423519
171	ENSG00000108557	17	17584786	0.394654294266314
172	ENSG00000108604	17	61909443	0.143851656688577
173	ENSG00000108773	17	40265125	0.163744218862456
174	ENSG00000108799	17	40852292	1.16066150941953e-06
175	ENSG00000108840	17	42154113	0.167576490193816
176	ENSG00000108953	17	1247565	0.587896058679313
177	ENSG00000109111	17	26989108	0.54023603844636
178	ENSG00000109118	17	27232267	0.335870996264323
179	ENSG00000109189	4	53457137	0.0173972542072455
180	ENSG00000109332	4	103715539	0.383707000006465
181	ENSG00000109819	4	23756663	0.00417739692937698
182	ENSG00000109906	11	113930314	0.997460242713057
183	ENSG00000109911	11	31531296	0.30950653934042
184	ENSG00000110851	12	108126642	0.800418628365704
185	ENSG00000111218	12	3490514	0.874297139464465
186	ENSG00000111424	12	48235319	0.549707322504617
187	ENSG00000111642	12	6679248	0.0452958751054409
188	ENSG00000111653	12	6759445	0.000154707781530099
189	ENSG00000111676	12	7033625	0.424811127068675
190	ENSG00000111701	12	7801995	0.00130099718404632
191	ENSG00000111707	12	118814184	0.0506465436517638
192	ENSG00000111725	12	120105557	1.01882017908088e-05
193	ENSG00000111727	12	104458234	0.399869287724231
194	ENSG00000111732	12	8754761	0.104433948857605
195	ENSG00000111752	12	9066491	0.433683617860165
196	ENSG00000111875	6	119215383	0.599575326264963
197	ENSG00000112081	6	36562144	0.207736689818646
198	ENSG00000112130	6	37321747	0.344097640774356
199	ENSG00000112238	6	100054605	0.0978563380454394
200	ENSG00000112319	6	133561735	6.90125714093604e-06
201	ENSG00000112511	6	33378175	0.0211972458078495
202	ENSG00000112742	6	80713603	4.69522055832552e-17
203	ENSG00000112787	12	133066136	0.199651613819906
204	ENSG00000112983	5	137475454	0.900058968951729
205	ENSG00000113558	5	133484632	0.237348615881451
206	ENSG00000113575	5	133530024	0.0120968323182042
207	ENSG00000113812	3	53901092	0.00116847760522904
208	ENSG00000114166	3	20081514	0.000824938869664593
209	ENSG00000114738	3	50648950	0.00623926979256726
210	ENSG00000114861	3	71003843	0.662820214095574
211	ENSG00000114933	2	206858444	0.657688176514067
212	ENSG00000114982	2	97258906	0.563879658266926
213	ENSG00000115053	2	232318241	3.67076704366336e-06
214	ENSG00000115241	2	27604060	0.000473095680250584
215	ENSG00000115274	2	74682149	0.0563346937013228
216	ENSG00000115289	2	74732169	0.554163167669632
217	ENSG00000115524	2	198254507	0.664207604865575
218	ENSG00000115548	2	86667769	0.131433243798914
219	ENSG00000115592	2	219687105	0.0328782235748893
220	ENSG00000115593	2	88367298	0.0253685477353281
221	ENSG00000115966	2	175936977	0.437554248594522
222	ENSG00000116062	2	47922954	0.000246114378119171
223	ENSG00000116254	1	6161852	0.0204665757357814
224	ENSG00000116273	1	6673744	0.00150670402320575
225	ENSG00000116455	1	111982511	0.639052476965101
226	ENSG00000116478	1	32757686	0.122519100584731
227	ENSG00000116539	1	155305058	0.697723408207662
228	ENSG00000116560	1	35641978	0.978885137348127
229	ENSG00000116717	1	68150743	0.333433776644017
230	ENSG00000116731	1	14026692	0.00955330152381504
231	ENSG00000116750	1	192981379	3.17797362981962e-05
232	ENSG00000117115	1	17393255	0.997185168956853
233	ENSG00000117139	1	202696525	0.000354700412904296
234	ENSG00000117222	1	205055269	0.0282373030444091
235	ENSG00000117505	1	93811444	0.0274961604727661
236	ENSG00000117625	1	211431718	0.0169813174752211
237	ENSG00000117697	1	212899494	0.489558216093263
238	ENSG00000117713	1	27022523	0.726539445404241
239	ENSG00000118058	11	118307204	0.204246545315239
240	ENSG00000118156	19	48023941	2.26428450139512e-06
241	ENSG00000118245	2	217724180	0.00235422398161332
242	ENSG00000118418	6	79910961	0.0463268198119833
243	ENSG00000118900	16	4896665	0.199011923076015
244	ENSG00000119042	2	200134222	0.0352332605948449
245	ENSG00000119048	5	133706869	0.124911471490721
246	ENSG00000119335	9	131445702	0.00877150142387776
247	ENSG00000119403	9	123617976	0.000250293687951613
248	ENSG00000119408	9	127019884	0.0203589382923692
249	ENSG00000119638	14	75548821	0.52258383895811
250	ENSG00000119760	2	27873678	0.0117641895132705
251	ENSG00000119772	2	25455844	0.0265732982602911
252	ENSG00000119778	2	23971533	0.807550762126872
253	ENSG00000119969	10	96305573	0.0110147401734404
254	ENSG00000120071	17	44107281	0.509221712595936
255	ENSG00000120533	8	110346552	0.000119361374420339
256	ENSG00000120539	10	27443752	0.000753780275835672
257	ENSG00000120616	10	32556678	3.87664855656699e-07
258	ENSG00000120656	1	28929361	0.0805382305879658
259	ENSG00000120699	13	37572952	0.716366894273408
260	ENSG00000120733	5	137688284	0.436125571285503
261	ENSG00000120837	12	104510854	0.211790701035053
262	ENSG00000121067	17	47676245	0.0667488112404732
263	ENSG00000121481	1	185014495	2.07844911159569e-06
264	ENSG00000121741	13	20532809	0.608420168931728
265	ENSG00000121988	2	135894485	0.917765177989176
266	ENSG00000122390	16	3493610	0.00722038734274774
267	ENSG00000122565	7	26240781	1.85790823044798e-07
268	ENSG00000122728	9	32629451	0.902483404153812
269	ENSG00000122779	7	138145078	0.0293174047199896
270	ENSG00000122966	12	120123594	0.894370590276813
271	ENSG00000123143	19	14543864	0.577821356835009
272	ENSG00000123374	12	56360552	3.80885061860696e-07
273	ENSG00000123485	2	234745348	3.73720613460389e-18
274	ENSG00000123562	23	102930423	2.83208341047851e-07
275	ENSG00000123636	2	160175489	0.00217530924588932
276	ENSG00000123737	4	122722471	0.965768330024132
277	ENSG00000124092	20	56071034	0.00288458198768027
278	ENSG00000124151	20	46130600	0.053776004439665
279	ENSG00000124177	20	40030740	0.225026422029844
280	ENSG00000124422	17	20902909	0.356105279798084
281	ENSG00000124701	6	41021042	0.886889063975635
282	ENSG00000124795	6	18224098	0.0417306366137944
283	ENSG00000125484	9	135545421	0.748468067840483
284	ENSG00000125952	14	65472891	0.0229836762630321
285	ENSG00000126012	23	53220502	0.112126223366312
286	ENSG00000126457	19	50179042	0.115643068091759
287	ENSG00000126856	16	90122973	0.552092422452945
288	ENSG00000127337	12	69753482	0.850738412820357
289	ENSG00000127483	1	21069153	0.74221863276493
290	ENSG00000127511	19	16940210	0.711866895301216
291	ENSG00000127616	19	11071597	0.223381683587892
292	ENSG00000127663	19	4969124	0.000948753978226766
293	ENSG00000128383	22	39348745	0.671546105230072
294	ENSG00000128394	22	39436608	0.00597974947755091
295	ENSG00000128573	7	113726381	0.673440040203253
296	ENSG00000128708	2	172778957	0.00288784082660294
297	ENSG00000128908	15	41271077	0.107361255176425
298	ENSG00000129071	3	129149786	0.853542716632894
299	ENSG00000129292	8	133787617	0.00026198267068943
300	ENSG00000129484	14	20811740	0.142828425037744
301	ENSG00000129514	14	38059188	0.00684741992297546
302	ENSG00000129691	8	37962759	0.0147679560100385
303	ENSG00000129873	24	19989289	0.0271860926317786
304	ENSG00000130024	6	170104000	0.905131526425026
305	ENSG00000130222	9	92219927	0.00108667742917874
306	ENSG00000130382	19	6212965	0.0318044350161648
307	ENSG00000130699	20	60528524	0.086929844535142
308	ENSG00000130711	9	133539980	0.00668128689289736
309	ENSG00000130713	9	133569107	0.0174960092183149
310	ENSG00000130726	19	59055457	0.00323210577713894
311	ENSG00000130816	19	10244020	0.336715382435337
312	ENSG00000131149	16	85645014	0.319351705043671
313	ENSG00000131263	23	73805051	0.00344946419941609
314	ENSG00000131747	17	38544767	2.51220603450938e-11
315	ENSG00000131759	17	38465443	0.750704574362259
316	ENSG00000131778	1	146714290	2.30234637297129e-07
317	ENSG00000131791	1	146626684	0.000411583489639539
318	ENSG00000132275	11	6616304	0.618384190212369
319	ENSG00000132356	5	40759480	0.624563023114002
320	ENSG00000132382	17	4442191	0.0124036896305623
321	ENSG00000132510	17	7743221	0.311825096826486
322	ENSG00000132600	16	68344876	0.0644552965954986
323	ENSG00000132646	20	5095598	0.0166922790241162
324	ENSG00000132780	1	46049517	0.0901487819308766
325	ENSG00000133627	7	152456833	0.418831825022662
326	ENSG00000133794	11	13298198	0.500551867180772
327	ENSG00000133884	11	65101224	0.521298688842797
328	ENSG00000133895	11	64570981	0.134151289751355
329	ENSG00000134014	8	27947189	4.91437663259091e-05
330	ENSG00000134046	18	51679078	0.287713234661093
331	ENSG00000134058	5	68530667	0.00829083106802286
332	ENSG00000134371	1	193091146	0.00457190316958087
333	ENSG00000134574	11	47236492	8.0476529260852e-08
334	ENSG00000134627	11	94277005	0.294390169720493
335	ENSG00000134686	1	33789223	0.0257177897475749
336	ENSG00000134759	18	33709406	0.00407354928159197
337	ENSG00000134852	4	56294069	0.842906334061373
338	ENSG00000135316	6	86318052	0.00236521513323834
339	ENSG00000135341	6	91223291	0.00126403443703661
340	ENSG00000135365	11	45950870	0.148316517682127
341	ENSG00000135372	11	34127148	0.000110957210064351
342	ENSG00000135655	12	62654118	0.328377806208108
343	ENSG00000135801	1	229728857	0.525222273121157
344	ENSG00000135999	2	149402008	0.175288833827813
345	ENSG00000136014	12	95910335	2.21993200813204e-05
346	ENSG00000136169	13	50018428	2.40819593204472e-08
347	ENSG00000136450	17	56080720	0.580102176270337
348	ENSG00000136504	17	47865916	0.0361287708878335
349	ENSG00000136518	3	179280667	3.3036403947809e-05
350	ENSG00000136715	2	128698790	0.217239630161641
351	ENSG00000136770	10	22045465	0.430314396112499
352	ENSG00000136807	9	130547957	0.732308162792986
353	ENSG00000136891	9	103064358	0.0567683327297477
354	ENSG00000136938	9	100745642	0.0172703608175022
355	ENSG00000137166	6	41514163	0.394721626578011
356	ENSG00000137337	6	30667583	0.129158818517778
357	ENSG00000137413	6	42018250	0.170075268962208
358	ENSG00000137486	11	74975225	0.0370733890712076
359	ENSG00000137948	1	92414927	0.180231584078612
360	ENSG00000138336	10	70320412	0.000279110156543641
361	ENSG00000138375	2	217277136	0.0111718137857213
362	ENSG00000138376	2	215590369	0.169923771138855
363	ENSG00000138433	2	175212749	0.263134156143666
364	ENSG00000138738	4	121613069	0.122139814528015
365	ENSG00000139154	12	19556999	0.853921753593011
366	ENSG00000139372	12	104359581	0.000662119963503397
367	ENSG00000139613	12	56556766	0.555720081215843
368	ENSG00000139618	13	32889610	0.00609656136574451
369	ENSG00000139620	12	49047183	0.836489844352125
370	ENSG00000139687	13	48877886	0.0525137086090921
371	ENSG00000139718	12	122242085	0.0754653802959435
372	ENSG00000139842	13	113862551	0.00903248929926017
373	ENSG00000140044	14	75894418	0.889010898654405
374	ENSG00000140320	15	40731919	0.0105210760547675
375	ENSG00000140350	15	69070873	0.0255373995606436
376	ENSG00000140382	15	77712753	0.988616483774566
377	ENSG00000140396	8	71021996	0.863733793702651
378	ENSG00000140455	15	63796792	0.0216032537834744
379	ENSG00000140632	16	4853203	0.0319171842213558
380	ENSG00000141027	17	15932470	0.228718489049036
381	ENSG00000141431	18	31158578	0.638719885023718
382	ENSG00000141456	17	4574678	0.613271769116779
383	ENSG00000141510	17	7565096	0.00477447777353449
384	ENSG00000141570	17	77765930	0.54472023613986
385	ENSG00000141582	17	77806954	0.0515463472407697
386	ENSG00000141644	18	47793251	0.600445757349278
387	ENSG00000141867	19	15347646	0.37474774218956
388	ENSG00000142182	21	45666221	0.830454805522366
389	ENSG00000142453	19	10982188	0.0142933434875356
390	ENSG00000142611	1	2985731	0.606608920209526
391	ENSG00000142619	1	17575592	1.39801191204787e-06
392	ENSG00000142623	1	17531620	0.000679745511987366
393	ENSG00000143033	1	93544791	0.809374952700425
394	ENSG00000143258	1	161129239	0.181164727005913
395	ENSG00000143321	1	156711898	0.000336151561414807
396	ENSG00000143373	1	151254093	0.476509281908407
397	ENSG00000143379	1	150898738	0.332012814812706
398	ENSG00000143401	1	150190716	0.0201543131288363
399	ENSG00000143442	1	151375199	0.763878466392309
400	ENSG00000143499	1	214454444	0.122228905417593
401	ENSG00000143614	1	153777200	0.970455618166079
402	ENSG00000143799	1	226548391	0.0137110362333272
403	ENSG00000143815	1	225589203	0.24016984155423
404	ENSG00000143970	2	25956621	0.823953343722761
405	ENSG00000145241	4	68337520	5.85772747935374e-10
406	ENSG00000145391	4	140454384	0.392757143671313
407	ENSG00000146247	6	79645583	0.89695298072115
408	ENSG00000146285	6	108025307	3.40772474911926e-09
409	ENSG00000146414	6	146205942	0.59967680561896
410	ENSG00000146872	17	60536018	0.156037216037447
411	ENSG00000147050	23	44732756	0.126775593122672
412	ENSG00000147099	23	71549365	0.898563082011609
413	ENSG00000147130	23	70459473	0.389500847825255
414	ENSG00000147133	23	70586113	0.560753426766356
415	ENSG00000147162	23	70752932	0.797119163817619
416	ENSG00000147180	23	84498996	0.00602104369417673
417	ENSG00000147596	8	70963885	0.171600476840167
418	ENSG00000147854	9	6413150	0.309664381651219
419	ENSG00000148204	9	126118448	0.334698689275965
420	ENSG00000148229	9	116169514	0.696768390728114
421	ENSG00000148584	10	52559168	0.313440838551574
422	ENSG00000148835	10	105127723	0.638707026869556
423	ENSG00000149136	11	57093458	8.70592280415187e-05
424	ENSG00000149311	11	108093210	0.327984499137098
425	ENSG00000149474	20	18118761	0.0203545368585371
426	ENSG00000149480	11	62360685	0.666476088027557
427	ENSG00000149554	11	125495035	9.25263832272597e-07
428	ENSG00000149923	16	30087298	0.128072178269687
429	ENSG00000149929	16	30003644	0.0157502208223439
430	ENSG00000150459	13	21714652	0.0439355712580134
431	ENSG00000150907	13	41129803	0.000205649760888701
432	ENSG00000151332	14	36767769	0.0304196732639785
433	ENSG00000152382	1	166825746	0.428372941432023
434	ENSG00000152455	10	14920818	0.000848245575710993
435	ENSG00000152484	13	27640292	0.545183769034546
436	ENSG00000152784	4	81105032	0.0731362727175931
437	ENSG00000153046	6	4706392	0.00386631918814571
438	ENSG00000153147	4	144434615	0.731186627137122
439	ENSG00000153391	18	33032193	0.547428407042023
440	ENSG00000153487	13	111365082	0.163243532589445
441	ENSG00000153922	5	98190907	0.676673631374485
442	ENSG00000154229	17	64298753	0.0977470015392819
443	ENSG00000154655	18	5954704	0.340617698621989
444	ENSG00000154832	18	47808712	0.00453462324376713
445	ENSG00000155363	1	113215762	0.0642420570814827
446	ENSG00000155666	16	27214806	1.60114616929983e-05
447	ENSG00000155827	9	104296132	0.671356813525257
448	ENSG00000156256	21	30396949	0.38632820359497
449	ENSG00000156374	10	105062552	0.372020837915081
450	ENSG00000156650	10	76585339	0.0759077991711766
451	ENSG00000156802	8	124332089	4.53189336611943e-08
452	ENSG00000156858	16	30662037	0.0152188775602806
453	ENSG00000156860	16	30669751	0.839588203874116
454	ENSG00000156983	3	9773412	0.79890655959901
455	ENSG00000157212	7	154735396	0.532555066423376
456	ENSG00000157259	7	92076766	0.120284883214929
457	ENSG00000158019	2	28113595	0.0181476837995227
458	ENSG00000158161	1	28296854	0.00721593590588823
459	ENSG00000158290	23	119658463	0.00215301808163595
460	ENSG00000158806	8	21881635	0.000181616700788456
461	ENSG00000159259	21	37757675	3.58391856869027e-05
462	ENSG00000159267	21	38123188	0.980622301481085
463	ENSG00000159339	1	17634689	0.715977821570722
464	ENSG00000159692	4	1205235	0.644478340717326
465	ENSG00000160224	21	45705720	0.224895504485059
466	ENSG00000160310	21	48055078	0.399444822489304
467	ENSG00000160633	19	5623045	0.0297086527462541
468	ENSG00000160679	1	153606524	0.0754641186493408
469	ENSG00000160949	8	145654164	2.3127978852679e-08
470	ENSG00000160953	19	1285889	0.00665864232630374
471	ENSG00000161036	7	102105375	0.729771340529338
472	ENSG00000161405	17	37921197	2.02728189649814e-09
473	ENSG00000161956	17	7465191	0.146271331382099
474	ENSG00000162227	11	62538774	0.00401052265823618
475	ENSG00000162302	11	64126619	0.00049499317306785
476	ENSG00000162409	1	57110994	0.813264523950503
477	ENSG00000162521	1	33116742	0.351552351190763
478	ENSG00000162601	1	59120410	0.307740018475398
479	ENSG00000162676	1	92940318	0.000866502587485926
480	ENSG00000162961	2	32092877	0.0964983701499606
481	ENSG00000162971	2	200794697	0.146421391984161
482	ENSG00000163104	4	95128761	0.390468836009245
483	ENSG00000163159	1	151142462	0.13710490813201
484	ENSG00000163322	4	84390176	0.0183734299771633
485	ENSG00000163517	3	13521223	0.0530868994491982
486	ENSG00000163602	3	72420975	0.506967551663845
487	ENSG00000163605	3	73045935	0.652381776100107
488	ENSG00000163635	3	63850232	0.0085192257875281
489	ENSG00000163832	3	47537129	0.0443805396677174
490	ENSG00000163840	3	122283084	0.344642127592269
491	ENSG00000163872	3	183415605	3.15337706451818e-07
492	ENSG00000163875	1	37958175	0.903292318865629
493	ENSG00000163930	3	52435028	0.00960240090227502
494	ENSG00000163932	3	53195135	0.999662498409833
495	ENSG00000163935	3	52937587	0.484752117220398
496	ENSG00000163939	3	52579367	0.0339184225590299
497	ENSG00000163961	3	196195653	0.643724456223941
498	ENSG00000164080	3	51575595	0.0341656453337423
499	ENSG00000164091	3	52288436	0.0230293867349549
500	ENSG00000164105	4	174291119	0.0962269937587858
501	ENSG00000164169	4	148558935	3.12319504964016e-05
502	ENSG00000164190	5	36876860	0.366722157945787
503	ENSG00000164256	5	23507263	0.0017538124834071
504	ENSG00000164576	5	153825516	0.000111817162088611
505	ENSG00000164663	6	41757633	0.325616625932549
506	ENSG00000164885	7	150750898	0.432042516678909
507	ENSG00000164924	8	101928752	1.36022112164633e-11
508	ENSG00000164951	8	94870034	0.83742230217952
509	ENSG00000164985	9	15464063	0.0849983173080014
510	ENSG00000165097	6	18155559	0.514392696247999
511	ENSG00000165156	8	124260695	0.490517208989935
512	ENSG00000165288	23	79926352	0.265299197489423
513	ENSG00000165632	10	7860466	0.332731037992457
514	ENSG00000165660	10	126490353	0.160934494866541
515	ENSG00000165671	5	176560079	0.819936218883539
516	ENSG00000165702	9	135820931	0.213862400916673
517	ENSG00000165732	10	70715883	7.884983364902e-06
518	ENSG00000166135	10	102288828	0.347824568391046
519	ENSG00000166164	16	50347397	0.914573549771404
520	ENSG00000166266	11	107879458	0.328171402510217
521	ENSG00000166313	11	6416354	0.403692824541209
522	ENSG00000166337	11	6627525	0.0667616549690503
523	ENSG00000166349	11	36537013	0.680661373896438
524	ENSG00000166446	16	80631802	0.0935483224076487
525	ENSG00000166477	15	52230221	0.134898203256833
526	ENSG00000166501	16	23847321	1.56292696780304e-06
527	ENSG00000166716	15	85291865	0.129720780148314
528	ENSG00000166913	20	43514316	6.04112797383617e-05
529	ENSG00000166987	12	57914492	0.606289073201308
530	ENSG00000167491	19	19496634	0.43615175187705
531	ENSG00000167548	12	49412757	0.900034211737766
532	ENSG00000167657	19	3958450	0.807644149525623
533	ENSG00000167670	19	4402658	0.431387457970613
534	ENSG00000167986	11	61066922	0.0679929441252332
535	ENSG00000168078	8	27667136	1.49315046697004e-10
536	ENSG00000168137	3	9439298	0.391321118516761
537	ENSG00000168283	10	22610139	0.674019373705979
538	ENSG00000168395	2	242641449	0.143134138094538
539	ENSG00000168453	8	21971927	0.111338895130296
540	ENSG00000168556	4	184426146	0.883073469604058
541	ENSG00000168769	4	106067449	0.000865840533067302
542	ENSG00000169016	2	11584500	0.0100281981138586
543	ENSG00000169057	23	153287023	0.0455911232447995
544	ENSG00000169375	15	75661719	0.285906381154565
545	ENSG00000169592	16	30006614	0.00661719312314406
546	ENSG00000169679	2	111395274	1.13794295803011e-17
547	ENSG00000169925	9	136895426	0.763926246279667
548	ENSG00000170004	17	7788123	0.737500272523454
549	ENSG00000170142	3	23847393	0.00351282113378852
550	ENSG00000170291	17	7154734	0.312580912703331
551	ENSG00000170312	10	62538088	4.52357396008949e-14
552	ENSG00000170322	11	129733530	0.323768091825515
553	ENSG00000170364	3	4344987	4.07531703943731e-05
554	ENSG00000170485	2	101436613	0.0111586775583343
555	ENSG00000171148	3	9821543	0.111295614968599
556	ENSG00000171311	10	99195898	0.0973360207384888
557	ENSG00000171316	8	61591336	0.000745351944273218
558	ENSG00000171456	20	30946154	0.112890296748928
559	ENSG00000171634	17	65821639	0.6645860460365
560	ENSG00000171681	12	14518609	0.187818365843348
561	ENSG00000171720	5	141000442	0.26373710991659
562	ENSG00000171940	20	52183603	0.0255240019008412
563	ENSG00000171988	10	64926980	0.972949214442649
564	ENSG00000172273	11	118992296	0.11743531504302
565	ENSG00000172288	24	27768263	0.0018956711480238
566	ENSG00000172352	24	26191375	0.874538224721479
567	ENSG00000172530	16	87985037	0.577373877115767
568	ENSG00000172534	23	153213003	0.497506699423952
569	ENSG00000172943	23	53963108	0.102658690726065
570	ENSG00000172977	11	65479466	0.00170392772075167
571	ENSG00000173011	4	7043625	2.28241147141956e-09
572	ENSG00000173120	11	66886739	0.544391851247636
573	ENSG00000173473	3	47626761	0.345780335275115
574	ENSG00000173531	3	49721379	0.00337491462863358
575	ENSG00000173575	15	93426525	0.395504804605605
576	ENSG00000173889	3	169805371	0.842389324330307
577	ENSG00000173894	17	77751930	6.36807199176893e-06
578	ENSG00000174197	15	41913421	0.0114367377842145
579	ENSG00000174579	3	135867763	0.000126821392046468
580	ENSG00000174744	11	66104803	0.631423082377027
581	ENSG00000175029	10	126676420	0.901185526567542
582	ENSG00000175054	3	142168078	0.404970043022427
583	ENSG00000175097	11	36597123	0.906038951301792
584	ENSG00000175792	3	127783620	7.66568736721609e-06
585	ENSG00000176396	19	40028889	0.511754849411747
586	ENSG00000176401	19	40021629	0.888353199793511
587	ENSG00000176871	12	118470711	0.026281814549292
588	ENSG00000177189	23	20168028	0.726135140018156
589	ENSG00000177200	16	53088944	0.11556862262465
590	ENSG00000177485	23	119384606	0.877372801340957
591	ENSG00000177565	3	176737142	0.00652372900136277
592	ENSG00000177602	17	3627210	2.41576009030498e-09
593	ENSG00000177889	12	93799448	0.536310860361248
594	ENSG00000178028	1	44679126	0.073088909280911
595	ENSG00000178093	19	19623226	0.0294250237637462
596	ENSG00000178279	16	11361604	0.929258069873101
597	ENSG00000178568	2	212240445	0.969198359230614
598	ENSG00000178691	17	30264036	0.21652808702162
599	ENSG00000178896	8	145133528	0.0995385248751658
600	ENSG00000178913	5	140698056	0.906870315192383
601	ENSG00000178966	9	86595625	0.485837813892696
602	ENSG00000178999	17	8108055	1.64774044317716e-14
603	ENSG00000179750	22	39378351	0.97171508021448
604	ENSG00000180198	1	28832454	1.49325213112574e-06
605	ENSG00000180370	3	196466727	0.000101575906046417
606	ENSG00000180628	10	92979907	6.35618385173869e-07
607	ENSG00000181090	9	140513443	0.265599481331316
608	ENSG00000181163	5	170814119	5.33565888180604e-06
609	ENSG00000181555	3	47058178	0.00428951239765813
610	ENSG00000181929	12	49396056	0.990953391773254
611	ENSG00000182134	1	151742582	0.0165934262424046
612	ENSG00000182415	24	20137666	0.550893766093629
613	ENSG00000182568	3	18438747	0.00127036373608121
614	ENSG00000182952	6	26538632	0.738170438947214
615	ENSG00000182979	14	105886158	0.249129679786234
616	ENSG00000183207	19	49496704	0.0059364794740555
617	ENSG00000183337	23	39910498	0.159780617232522
618	ENSG00000183495	12	132434507	0.34464775481919
619	ENSG00000183576	14	99864082	0.176536618328164
620	ENSG00000183741	22	39257454	0.506063684821831
621	ENSG00000183878	24	15360258	0.11501986836504
622	ENSG00000184402	20	60718821	0.207355954529093
623	ENSG00000184828	18	45553043	0.00339655573114503
624	ENSG00000185420	1	245912641	0.0044004938147279
625	ENSG00000185513	20	42136319	0.580688225696398
626	ENSG00000185515	23	154299694	0.467862718880772
627	ENSG00000185591	12	53773959	0.204477368378483
628	ENSG00000185619	4	699536	0.172932151860701
629	ENSG00000185658	21	40556101	0.289955381623092
630	ENSG00000185787	15	79102828	0.121988618439964
631	ENSG00000185811	7	50344377	1.67076373524223e-07
632	ENSG00000186280	11	94706844	0.754518466991456
633	ENSG00000186462	23	72432134	0.702401634678319
634	ENSG00000186532	17	1682778	0.280641097919361
635	ENSG00000186591	7	129470571	0.0245675972597785
636	ENSG00000187109	12	76438669	0.00018653036842609
637	ENSG00000187325	23	77385244	0.458486108300833
638	ENSG00000187531	17	79869814	0.344092624067916
639	ENSG00000187555	16	8985950	0.179359182163297
640	ENSG00000187569	12	7864049	0.286202171884401
641	ENSG00000187605	2	74273449	0.0369660868744733
642	ENSG00000187778	12	49950326	0.416236213941546
643	ENSG00000188895	17	38278550	0.225768593621232
644	ENSG00000188976	1	879583	0.000529935631610277
645	ENSG00000189079	12	46123447	0.0770420455426732
646	ENSG00000189091	16	70557690	0.00368790052938624
647	ENSG00000189403	13	31032883	0.958996644685762
648	ENSG00000196116	9	100174231	0.244271605126895
649	ENSG00000196199	13	20207787	0.00083345251496106
650	ENSG00000196284	6	44777053	0.0451526038549315
651	ENSG00000196363	9	137000486	0.203712338243595
652	ENSG00000196367	7	98476112	0.401798553608378
653	ENSG00000196498	12	124808960	0.153870404716186
654	ENSG00000196591	6	114277792	5.55700617883379e-06
655	ENSG00000196781	9	84198597	0.567572256853637
656	ENSG00000197114	20	62338816	0.312995053572347
657	ENSG00000197275	8	95384187	1.49006077844874e-05
658	ENSG00000197323	1	114935398	0.675094648568146
659	ENSG00000197724	9	96338688	0.0745319443399822
660	ENSG00000197879	17	1367391	0.140618419289622
661	ENSG00000198157	23	80369199	0.729230594244115
662	ENSG00000198176	13	114239055	0.00567256070553593
663	ENSG00000198408	10	103544199	0.0450258423080812
664	ENSG00000198586	2	171847332	0.160485933406828
665	ENSG00000198604	14	35221936	0.0428559661899058
666	ENSG00000198646	20	33284721	0.0457167202704226
667	ENSG00000198730	11	10772533	0.0498457944729165
668	ENSG00000198830	1	26798940	0.621704962533783
669	ENSG00000198879	10	7200585	0.231676615432765
670	ENSG00000198890	1	107599266	0.318149279604228
671	ENSG00000198919	3	108308528	5.3693468498689e-05
672	ENSG00000198945	6	130334843	0.0190997881723064
673	ENSG00000204209	6	33289162	0.692069816950614
674	ENSG00000204227	6	33176271	0.0544597488469716
675	ENSG00000204256	6	32936436	0.533983303586891
676	ENSG00000204371	6	31847535	0.569690578205733
677	ENSG00000204388	6	31795511	0.000700434560288636
678	ENSG00000204389	6	31783290	0.00183620774636365
679	ENSG00000204406	2	148778579	0.344115836439177
680	ENSG00000204644	6	29640168	0.87384228627185
681	ENSG00000204713	6	28870778	0.94646256719726
682	ENSG00000205307	7	100169854	0.797792551291945
683	ENSG00000205531	11	2965666	0.594924577807874
684	ENSG00000205581	21	40714240	0.00182967312928932
685	ENSG00000205683	14	73086003	0.565645370750433
686	ENSG00000213341	10	101948054	0.360419976660097
687	ENSG00000221926	17	15531273	1.08878461260959e-05
688	ENSG00000223443	8	11994676	0.80406809712427
689	ENSG00000223496	16	70284133	0.938742486434619
690	ENSG00000225830	10	50663413	0.315208174471467
691	ENSG00000227345	10	51026324	0.069468745669665
692	ENSG00000235268	11	94758421	0.0913948451897528
693	ENSG00000239713	22	39436923	6.97810398267629e-05
694	ENSG00000243811	22	39410367	7.55171991516387e-06
695	ENSG00000244509	22	39410087	0.130568438840616
696	ENSG00000250506	17	73996986	0.0892298335535078
697	ENSG00000253729	8	48685668	3.46480614255808e-06
698	ENSG00000255302	15	49170082	0.47714412224109
700	ENSG00000258315	17	6917813	0.055331732125357
702	ENSG00000272333	19	36208920	0.626817099105717
