	SNP	Chromosome	Position	trait1
1	ENSG00000001497	23	64732461	0.488727940296155
2	ENSG00000004487	1	23345940	0.0336902847211271
3	ENSG00000005302	23	11776277	0.963671956773557
4	ENSG00000005339	16	3775054	0.067275882026204
5	ENSG00000005483	7	104654625	0.369161144865721
6	ENSG00000006459	7	139784545	0.161285927211246
7	ENSG00000006712	19	39876491	0.343589947538071
8	ENSG00000008083	6	15246526	0.352993801008815
9	ENSG00000008324	3	42623331	0.424732477900495
10	ENSG00000009954	7	72854727	0.217433511966853
11	ENSG00000010803	1	41492871	0.211417368634439
12	ENSG00000011258	17	49254785	0.0171404119177038
13	ENSG00000011332	19	38701645	0.0583287058997355
14	ENSG00000012048	17	41196311	0.0607889117984809
15	ENSG00000012817	24	21867300	0.592232237751216
16	ENSG00000012963	14	93673400	0.187254950841357
17	ENSG00000015153	12	42550905	0.883894661907079
18	ENSG00000015171	10	180404	0.00599892021182748
19	ENSG00000019485	11	45115563	0.0633342135409562
20	ENSG00000019549	8	49830248	0.00100263800874722
21	ENSG00000024048	6	42531799	0.0757694236814743
22	ENSG00000025293	20	34359904	0.0450589605342537
23	ENSG00000028310	5	850405	0.18377886187793
24	ENSG00000032219	14	58765102	0.00688724462427145
25	ENSG00000036257	2	225334866	0.51384600309245
26	ENSG00000036549	1	78030184	0.763682091726725
27	ENSG00000041880	3	51976360	0.299136727281563
28	ENSG00000043143	5	133860002	0.157085217747713
29	ENSG00000048052	7	18535368	0.924114690376001
30	ENSG00000048649	11	77371040	0.81237982031699
31	ENSG00000049618	6	157099062	0.848217393070725
32	ENSG00000049768	23	49106896	0.393395500780227
33	ENSG00000051180	15	40986971	0.00727965144769121
34	ENSG00000054267	1	235330209	0.259024244836744
35	ENSG00000055130	7	148395005	0.129775584316986
36	ENSG00000055483	17	76783548	0.213742920193999
37	ENSG00000055609	7	151832009	0.022117796654968
38	ENSG00000057657	6	106534194	0.503447268274544
39	ENSG00000057935	2	42721708	0.0443241952578754
40	ENSG00000059758	12	96672038	0.0800590087125565
41	ENSG00000061273	12	48176504	0.955392833255175
42	ENSG00000061455	5	122424815	0.14747511095967
43	ENSG00000064313	8	120743014	0.0172817019800504
44	ENSG00000064655	20	45523262	0.321184275394869
45	ENSG00000064961	19	3572774	0.0116108086275989
46	ENSG00000065526	1	16174358	0.36774265103748
47	ENSG00000065717	19	2997635	0.000281542596538639
48	ENSG00000066117	12	50478754	0.14019625831238
49	ENSG00000066135	1	44115828	0.263037899283078
50	ENSG00000066136	1	41157319	0.297064461290278
51	ENSG00000067066	2	231280656	0.609454629915794
52	ENSG00000067225	15	72491369	8.79899223531545e-06
53	ENSG00000067334	1	94333372	0.153206856751548
54	ENSG00000067369	15	43699406	0.317665720997994
55	ENSG00000068024	2	239969863	0.999774507562687
56	ENSG00000068903	19	39369196	0.110232623051652
57	ENSG00000070061	9	111629796	0.509974709732724
58	ENSG00000070495	17	74708918	0.00577560282810295
59	ENSG00000071243	7	120590802	0.00164429552275625
60	ENSG00000071655	19	1576638	0.433961627503318
61	ENSG00000071794	3	148747913	0.0306716569699974
62	ENSG00000072401	10	60094734	0.00489654056735496
63	ENSG00000073584	17	38781213	0.112577996777157
64	ENSG00000073614	12	389294	0.700623483424863
65	ENSG00000074201	11	77325574	0.283889314520013
66	ENSG00000074266	11	85955585	0.53428577369211
67	ENSG00000074657	18	56529831	0.00189283329099299
68	ENSG00000075089	12	100592899	0.590404193005083
69	ENSG00000075624	7	5566781	0.0283523807860331
70	ENSG00000075914	3	45016732	0.611106281149913
71	ENSG00000076108	12	56989379	0.0102640132350468
72	ENSG00000077080	7	100240719	0.837118657049911
73	ENSG00000077097	3	25639476	0.377706411159256
74	ENSG00000077152	1	202300784	0.00176768872027639
75	ENSG00000077348	19	41892278	0.38994956019646
76	ENSG00000077463	19	4174105	0.154107315842749
77	ENSG00000077684	4	129730778	0.021256077245385
78	ENSG00000077721	23	118708500	0.020280379606036
79	ENSG00000078403	10	21823101	0.878608854834209
80	ENSG00000078487	7	99998475	0.0612958322671216
81	ENSG00000079263	2	231067825	0.519361999992231
82	ENSG00000079387	12	48436680	0.0638849868388532
83	ENSG00000079999	19	10596795	0.0318990197925654
84	ENSG00000080503	9	2015341	0.00335012895842958
85	ENSG00000080603	16	30709529	0.478869491318076
86	ENSG00000082014	7	150935849	0.551546535376228
87	ENSG00000083168	8	41786996	0.359308136041952
88	ENSG00000083544	13	60970590	0.0858081376222909
89	ENSG00000084093	4	57774074	0.640352341840915
90	ENSG00000084676	2	24714782	0.179026813783323
91	ENSG00000085185	23	129115082	0.0024998509260708
92	ENSG00000085224	23	76760355	0.997529860702829
93	ENSG00000085999	1	46713359	0.00776553301949169
94	ENSG00000086758	23	53559056	0.274494280811842
95	ENSG00000087152	17	42269172	0.120985561721869
96	ENSG00000087206	5	176332005	0.381512063246367
97	ENSG00000087586	20	54944444	1.79137426910491e-05
98	ENSG00000088305	20	31350190	0.00203414679987159
99	ENSG00000089094	12	121866899	0.213043427513723
100	ENSG00000089902	14	103058997	0.00825970426460097
101	ENSG00000092201	14	21819630	0.150106144743103
102	ENSG00000094631	23	48659783	0.12263195732825
103	ENSG00000094804	17	38443884	0.0122432398418213
104	ENSG00000094916	12	54624723	0.620259977350051
105	ENSG00000095787	10	28821421	0.872887014388998
106	ENSG00000096070	6	36164520	0.813679144947547
107	ENSG00000096717	10	69644426	0.477908469227087
108	ENSG00000096968	9	4985085	0.000372311497235003
109	ENSG00000099381	16	30968614	0.147865659287312
110	ENSG00000099860	19	2476119	0.353379444308373
111	ENSG00000099954	22	17840836	0.0731656669482589
112	ENSG00000099956	22	24129149	0.0500428254363117
113	ENSG00000100084	22	19318220	0.00832348606672573
114	ENSG00000100298	22	39493228	0.0848637880702237
115	ENSG00000100307	22	39516171	4.32603867915631e-05
116	ENSG00000100387	22	41347350	0.482172915125526
117	ENSG00000100393	22	41487789	0.233200248976433
118	ENSG00000100395	22	41601208	0.00186449576182936
119	ENSG00000100425	22	50166930	0.026669593975566
120	ENSG00000100429	22	50683611	0.528001310717799
121	ENSG00000100462	14	23389719	0.078709716707873
122	ENSG00000100601	14	78138746	0.59456783657633
123	ENSG00000100749	14	97319224	0.195461768000817
124	ENSG00000100784	14	91336798	0.00797694837651294
125	ENSG00000100796	14	91923954	0.303750930512721
126	ENSG00000100811	14	100704634	0.171163414875317
127	ENSG00000100823	14	20923349	0.679333897175716
128	ENSG00000100888	14	21853352	0.938240547498506
129	ENSG00000100916	14	36295523	0.341294897080769
130	ENSG00000101040	20	45837858	0.241603965935745
131	ENSG00000101109	20	43595114	0.110043853878407
132	ENSG00000101126	20	49505584	0.800411907692959
133	ENSG00000101189	20	61427804	9.64796772029961e-05
134	ENSG00000101266	20	459115	0.00211040076276706
135	ENSG00000101442	20	37377084	0.425829153010685
136	ENSG00000101493	18	74069643	0.0527242467366296
137	ENSG00000101945	23	48553944	0.175640212802052
138	ENSG00000102038	23	128580479	0.793929400109383
139	ENSG00000102054	23	16857405	0.347893942623334
140	ENSG00000102098	23	18257433	0.200947419483736
141	ENSG00000102221	23	46771710	0.312156788114332
142	ENSG00000102226	23	47092088	0.603600293650397
143	ENSG00000102974	16	67596309	0.582082487353353
144	ENSG00000103037	16	58549382	0.55875693348078
145	ENSG00000103495	16	29817426	0.0659829747320809
146	ENSG00000103510	16	31127074	0.031516616552708
147	ENSG00000103549	16	30773065	0.531127733865332
148	ENSG00000104313	8	72109667	0.0359226776630425
149	ENSG00000104320	8	90945563	0.179229400928216
150	ENSG00000104472	8	141521396	0.00526363829853165
151	ENSG00000104517	8	103265239	0.0193292512657526
152	ENSG00000104885	19	2164147	0.322017467594582
153	ENSG00000105011	19	14230320	0.189736408762861
154	ENSG00000105146	19	57742376	0.282325870434038
155	ENSG00000105202	19	40325097	0.364379263212713
156	ENSG00000105393	19	17378158	0.850205680725777
157	ENSG00000105618	19	54618836	0.491259316778212
158	ENSG00000105619	19	54610319	0.860942137631685
159	ENSG00000105821	7	102952920	0.0322061209193296
160	ENSG00000106290	7	99704692	0.0668736479085166
161	ENSG00000106400	7	100860948	0.891940875466977
162	ENSG00000106443	7	11013498	0.0553172219334859
163	ENSG00000106462	7	148504474	0.0650805043543802
164	ENSG00000106617	7	151253196	0.209137445253305
165	ENSG00000106829	9	82186687	0.0883428779320134
166	ENSG00000107077	9	6720862	0.0560361034850089
167	ENSG00000107371	9	37766974	0.640966754999481
168	ENSG00000107625	10	70661033	0.227620708510148
169	ENSG00000108094	10	35297478	0.0059437099243001
170	ENSG00000108468	17	46147413	0.0254939447796872
171	ENSG00000108557	17	17584786	0.727028798959254
172	ENSG00000108604	17	61909443	0.329977019539502
173	ENSG00000108773	17	40265125	0.771649676396581
174	ENSG00000108799	17	40852292	0.000345663097574129
175	ENSG00000108840	17	42154113	0.16719615255733
176	ENSG00000108953	17	1247565	0.803745476062322
177	ENSG00000109111	17	26989108	0.798276967270769
178	ENSG00000109118	17	27232267	0.80798348301425
179	ENSG00000109189	4	53457137	0.0704324696802819
180	ENSG00000109332	4	103715539	0.471656264536485
181	ENSG00000109819	4	23756663	0.139182375583824
182	ENSG00000109906	11	113930314	0.385716116656833
183	ENSG00000109911	11	31531296	0.52726053099447
184	ENSG00000110851	12	108126642	0.831065726777709
185	ENSG00000111218	12	3490514	0.921828751913579
186	ENSG00000111424	12	48235319	0.562612337111355
187	ENSG00000111642	12	6679248	0.319838066237887
188	ENSG00000111653	12	6759445	0.0128911654563328
189	ENSG00000111676	12	7033625	0.434052312044166
190	ENSG00000111701	12	7801995	0.0107087480285282
191	ENSG00000111707	12	118814184	0.101478563622793
192	ENSG00000111725	12	120105557	0.000568639863786411
193	ENSG00000111727	12	104458234	0.578489929312263
194	ENSG00000111732	12	8754761	0.192304404248485
195	ENSG00000111752	12	9066491	0.446528353309638
196	ENSG00000111875	6	119215383	0.732367652846189
197	ENSG00000112081	6	36562144	0.645392697007313
198	ENSG00000112130	6	37321747	0.664686580600014
199	ENSG00000112238	6	100054605	0.173963863448975
200	ENSG00000112319	6	133561735	0.00584968296626273
201	ENSG00000112511	6	33378175	0.139253626980361
202	ENSG00000112742	6	80713603	0.000310576003233922
203	ENSG00000112787	12	133066136	0.51695703801452
204	ENSG00000112983	5	137475454	0.84328068824486
205	ENSG00000113558	5	133484632	0.590043091580062
206	ENSG00000113575	5	133530024	0.0360340375690198
207	ENSG00000113812	3	53901092	0.0294121886949844
208	ENSG00000114166	3	20081514	0.0184544412630336
209	ENSG00000114738	3	50648950	0.0282849968240592
210	ENSG00000114861	3	71003843	0.591019942110523
211	ENSG00000114933	2	206858444	0.700130627891456
212	ENSG00000114982	2	97258906	0.832658068891228
213	ENSG00000115053	2	232318241	0.00751817839820435
214	ENSG00000115241	2	27604060	0.0293178735855157
215	ENSG00000115274	2	74682149	0.184090722919402
216	ENSG00000115289	2	74732169	0.422762874133612
217	ENSG00000115524	2	198254507	0.784341425944695
218	ENSG00000115548	2	86667769	0.0755444772417112
219	ENSG00000115592	2	219687105	0.0687593155373925
220	ENSG00000115593	2	88367298	0.0253685477353281
221	ENSG00000115966	2	175936977	0.473291327700814
222	ENSG00000116062	2	47922954	0.0369007844096493
223	ENSG00000116254	1	6161852	0.174016583230642
224	ENSG00000116273	1	6673744	0.0109946183724823
225	ENSG00000116455	1	111982511	0.918381964841336
226	ENSG00000116478	1	32757686	0.469409167804647
227	ENSG00000116539	1	155305058	0.843680749719596
228	ENSG00000116560	1	35641978	0.598325779680489
229	ENSG00000116717	1	68150743	0.728418900749593
230	ENSG00000116731	1	14026692	0.0538029955133422
231	ENSG00000116750	1	192981379	0.0013498449677089
232	ENSG00000117115	1	17393255	0.981572693558994
233	ENSG00000117139	1	202696525	0.015908684415592
234	ENSG00000117222	1	205055269	0.170859666289653
235	ENSG00000117505	1	93811444	0.170210504449371
236	ENSG00000117625	1	211431718	0.18489098171823
237	ENSG00000117697	1	212899494	0.778486116548976
238	ENSG00000117713	1	27022523	0.809294129770845
239	ENSG00000118058	11	118307204	0.204246545315239
240	ENSG00000118156	19	48023941	0.00488800697326695
241	ENSG00000118245	2	217724180	0.0387451137754627
242	ENSG00000118418	6	79910961	0.218569858947937
243	ENSG00000118900	16	4896665	0.62812202176543
244	ENSG00000119042	2	200134222	0.126517921269405
245	ENSG00000119048	5	133706869	0.20499860403074
246	ENSG00000119335	9	131445702	0.229464265469223
247	ENSG00000119403	9	123617976	0.109525278305638
248	ENSG00000119408	9	127019884	0.190453542787618
249	ENSG00000119638	14	75548821	0.647576711167121
250	ENSG00000119760	2	27873678	0.163162956650796
251	ENSG00000119772	2	25455844	0.200001894826562
252	ENSG00000119778	2	23971533	0.630737581424728
253	ENSG00000119969	10	96305573	0.128170346497244
254	ENSG00000120071	17	44107281	0.509221712595936
255	ENSG00000120533	8	110346552	0.0035970071093628
256	ENSG00000120539	10	27443752	0.0257866260170726
257	ENSG00000120616	10	32556678	0.000413006764984022
258	ENSG00000120656	1	28929361	0.178666287970689
259	ENSG00000120699	13	37572952	0.83930038561603
260	ENSG00000120733	5	137688284	0.539658765578504
261	ENSG00000120837	12	104510854	0.741753914760189
262	ENSG00000121067	17	47676245	0.255795865913458
263	ENSG00000121481	1	185014495	0.00274240245003894
264	ENSG00000121741	13	20532809	0.644945486042119
265	ENSG00000121988	2	135894485	0.766259369461395
266	ENSG00000122390	16	3493610	0.0408439370760817
267	ENSG00000122565	7	26240781	0.00165307607807786
268	ENSG00000122728	9	32629451	0.902483404153812
269	ENSG00000122779	7	138145078	0.207598734010888
270	ENSG00000122966	12	120123594	0.399493579341834
271	ENSG00000123143	19	14543864	0.577821356835009
272	ENSG00000123374	12	56360552	0.00786742453057661
273	ENSG00000123485	2	234745348	0.000788914936669268
274	ENSG00000123562	23	102930423	0.00125117518785964
275	ENSG00000123636	2	160175489	0.00217530924588932
276	ENSG00000123737	4	122722471	0.976937798907924
277	ENSG00000124092	20	56071034	0.0244810385669953
278	ENSG00000124151	20	46130600	0.0854949939384737
279	ENSG00000124177	20	40030740	0.225026422029844
280	ENSG00000124422	17	20902909	0.954586828992719
281	ENSG00000124701	6	41021042	0.886889063975635
282	ENSG00000124795	6	18224098	0.155443897394233
283	ENSG00000125484	9	135545421	0.978173702937291
284	ENSG00000125952	14	65472891	0.203019445137841
285	ENSG00000126012	23	53220502	0.130008104168256
286	ENSG00000126457	19	50179042	0.314240813465082
287	ENSG00000126856	16	90122973	0.581606145703205
288	ENSG00000127337	12	69753482	0.936747086323062
289	ENSG00000127483	1	21069153	0.865312633403023
290	ENSG00000127511	19	16940210	0.720609206796096
291	ENSG00000127616	19	11071597	0.361384401766926
292	ENSG00000127663	19	4969124	0.139174136675498
293	ENSG00000128383	22	39348745	0.740587643953809
294	ENSG00000128394	22	39436608	0.0936401796134563
295	ENSG00000128573	7	113726381	0.890868167908582
296	ENSG00000128708	2	172778957	0.119886709693305
297	ENSG00000128908	15	41271077	0.334250675895724
298	ENSG00000129071	3	129149786	0.596348447295041
299	ENSG00000129292	8	133787617	0.00809211036403516
300	ENSG00000129484	14	20811740	0.224926976081378
301	ENSG00000129514	14	38059188	0.11284978803518
302	ENSG00000129691	8	37962759	0.0888187509640249
303	ENSG00000129873	24	19989289	0.027460400633047
304	ENSG00000130024	6	170104000	0.773961115901175
305	ENSG00000130222	9	92219927	0.1065624294833
306	ENSG00000130382	19	6212965	0.262765474869038
307	ENSG00000130699	20	60528524	0.110035786877611
308	ENSG00000130711	9	133539980	0.069408885875839
309	ENSG00000130713	9	133569107	0.190647607368239
310	ENSG00000130726	19	59055457	0.0908920612139771
311	ENSG00000130816	19	10244020	0.441497352968029
312	ENSG00000131149	16	85645014	0.836183844821978
313	ENSG00000131263	23	73805051	0.0204374645686408
314	ENSG00000131747	17	38544767	0.00562055424777794
315	ENSG00000131759	17	38465443	0.793651180372631
316	ENSG00000131778	1	146714290	0.00168296154275841
317	ENSG00000131791	1	146626684	0.018626634811572
318	ENSG00000132275	11	6616304	0.824859445560079
319	ENSG00000132356	5	40759480	0.886968518928894
320	ENSG00000132382	17	4442191	0.138548207946779
321	ENSG00000132510	17	7743221	0.436271645255329
322	ENSG00000132600	16	68344876	0.0994008493711747
323	ENSG00000132646	20	5095598	0.139996232199776
324	ENSG00000132780	1	46049517	0.490324907800486
325	ENSG00000133627	7	152456833	0.608194672067612
326	ENSG00000133794	11	13298198	0.562858086548991
327	ENSG00000133884	11	65101224	0.795300919872986
328	ENSG00000133895	11	64570981	0.148118311117277
329	ENSG00000134014	8	27947189	0.000328612156002619
330	ENSG00000134046	18	51679078	0.434924051630167
331	ENSG00000134058	5	68530667	0.0295465560812014
332	ENSG00000134371	1	193091146	0.0569633039583847
333	ENSG00000134574	11	47236492	0.00181168832049448
334	ENSG00000134627	11	94277005	0.268319047022859
335	ENSG00000134686	1	33789223	0.11770473021619
336	ENSG00000134759	18	33709406	0.00867372989154519
337	ENSG00000134852	4	56294069	0.867256218246494
338	ENSG00000135316	6	86318052	0.0357588229493523
339	ENSG00000135341	6	91223291	0.013663907017704
340	ENSG00000135365	11	45950870	0.393789484865822
341	ENSG00000135372	11	34127148	0.00408719890583587
342	ENSG00000135655	12	62654118	0.46035290464335
343	ENSG00000135801	1	229728857	0.450473684031496
344	ENSG00000135999	2	149402008	0.567184340923653
345	ENSG00000136014	12	95910335	0.0044599191239718
346	ENSG00000136169	13	50018428	0.00124096310089038
347	ENSG00000136450	17	56080720	0.60317694008603
348	ENSG00000136504	17	47865916	0.113166047011386
349	ENSG00000136518	3	179280667	0.00652717366087259
350	ENSG00000136715	2	128698790	0.252028653058845
351	ENSG00000136770	10	22045465	0.302913174092954
352	ENSG00000136807	9	130547957	0.2518728123369
353	ENSG00000136891	9	103064358	0.353990055276202
354	ENSG00000136938	9	100745642	0.173938102542835
355	ENSG00000137166	6	41514163	0.68480060423253
356	ENSG00000137337	6	30667583	0.628438661904579
357	ENSG00000137413	6	42018250	0.311473677700615
358	ENSG00000137486	11	74975225	0.069950381516551
359	ENSG00000137948	1	92414927	0.188561789122362
360	ENSG00000138336	10	70320412	0.0168520150565699
361	ENSG00000138375	2	217277136	0.0261833710642447
362	ENSG00000138376	2	215590369	0.412971738198765
363	ENSG00000138433	2	175212749	0.392829792129734
364	ENSG00000138738	4	121613069	0.416600367201166
365	ENSG00000139154	12	19556999	0.688562306561042
366	ENSG00000139372	12	104359581	0.05896976999282
367	ENSG00000139613	12	56556766	0.555720081215843
368	ENSG00000139618	13	32889610	0.104664968719548
369	ENSG00000139620	12	49047183	0.760410213188116
370	ENSG00000139687	13	48877886	0.140010806691851
371	ENSG00000139718	12	122242085	0.153156333226162
372	ENSG00000139842	13	113862551	0.170908338773242
373	ENSG00000140044	14	75894418	0.938454533344129
374	ENSG00000140320	15	40731919	0.149154383199272
375	ENSG00000140350	15	69070873	0.0851239004448623
376	ENSG00000140382	15	77712753	0.820111153719618
377	ENSG00000140396	8	71021996	0.902826631426948
378	ENSG00000140455	15	63796792	0.303006366928186
379	ENSG00000140632	16	4853203	0.0403210675171087
380	ENSG00000141027	17	15932470	0.343948116924567
381	ENSG00000141431	18	31158578	0.682235942454006
382	ENSG00000141456	17	4574678	0.847037376965348
383	ENSG00000141510	17	7565096	0.0686341529426585
384	ENSG00000141570	17	77765930	0.539820512120317
385	ENSG00000141582	17	77806954	0.119111467044411
386	ENSG00000141644	18	47793251	0.674247005391941
387	ENSG00000141867	19	15347646	0.480975523512215
388	ENSG00000142182	21	45666221	0.744294845384092
389	ENSG00000142453	19	10982188	0.0415283735751937
390	ENSG00000142611	1	2985731	0.833860144545306
391	ENSG00000142619	1	17575592	0.00179545397931577
392	ENSG00000142623	1	17531620	0.00691428646726355
393	ENSG00000143033	1	93544791	0.903461057452264
394	ENSG00000143258	1	161129239	0.17162275433746
395	ENSG00000143321	1	156711898	0.00872514946737574
396	ENSG00000143373	1	151254093	0.608290959462859
397	ENSG00000143379	1	150898738	0.327432620352952
398	ENSG00000143401	1	150190716	0.0574710452190508
399	ENSG00000143442	1	151375199	0.938312146883208
400	ENSG00000143499	1	214454444	0.333372938187401
401	ENSG00000143614	1	153777200	0.822097337239076
402	ENSG00000143799	1	226548391	0.0548573526287719
403	ENSG00000143815	1	225589203	0.283152039056103
404	ENSG00000143970	2	25956621	0.912842225393066
405	ENSG00000145241	4	68337520	5.85772747935374e-10
406	ENSG00000145391	4	140454384	0.345640750071852
407	ENSG00000146247	6	79645583	0.646088647791379
408	ENSG00000146285	6	108025307	0.00108972698300508
409	ENSG00000146414	6	146205942	0.755717944885693
410	ENSG00000146872	17	60536018	0.428660854695066
411	ENSG00000147050	23	44732756	0.368583566922898
412	ENSG00000147099	23	71549365	0.658712050798303
413	ENSG00000147130	23	70459473	0.706210137733025
414	ENSG00000147133	23	70586113	0.286798718999762
415	ENSG00000147162	23	70752932	0.482051957836684
416	ENSG00000147180	23	84498996	0.0518735402204468
417	ENSG00000147596	8	70963885	0.329679886810505
418	ENSG00000147854	9	6413150	0.410503321839872
419	ENSG00000148204	9	126118448	0.945257658260717
420	ENSG00000148229	9	116169514	0.899082971093055
421	ENSG00000148584	10	52559168	0.471448184389333
422	ENSG00000148835	10	105127723	0.634862442801938
423	ENSG00000149136	11	57093458	0.0287651477691016
424	ENSG00000149311	11	108093210	0.327984499137098
425	ENSG00000149474	20	18118761	0.028922427976212
426	ENSG00000149480	11	62360685	0.688195348795074
427	ENSG00000149554	11	125495035	0.0863613120198359
428	ENSG00000149923	16	30087298	0.236000853292924
429	ENSG00000149929	16	30003644	0.0435269843136399
430	ENSG00000150459	13	21714652	0.0929351252468933
431	ENSG00000150907	13	41129803	0.0295753461243174
432	ENSG00000151332	14	36767769	0.13786036301874
433	ENSG00000152382	1	166825746	0.963849523011167
434	ENSG00000152455	10	14920818	0.0755565988640955
435	ENSG00000152484	13	27640292	0.439100978770082
436	ENSG00000152784	4	81105032	0.193109564995489
437	ENSG00000153046	6	4706392	0.0968724977231889
438	ENSG00000153147	4	144434615	0.743635451111179
439	ENSG00000153391	18	33032193	0.563683282242225
440	ENSG00000153487	13	111365082	0.282996234710815
441	ENSG00000153922	5	98190907	0.612901515783772
442	ENSG00000154229	17	64298753	0.288929296532104
443	ENSG00000154655	18	5954704	0.348679645208096
444	ENSG00000154832	18	47808712	0.0265358336711758
445	ENSG00000155363	1	113215762	0.346322179276657
446	ENSG00000155666	16	27214806	0.00834729366528822
447	ENSG00000155827	9	104296132	0.841674690972805
448	ENSG00000156256	21	30396949	0.38632820359497
449	ENSG00000156374	10	105062552	0.371973361122565
450	ENSG00000156650	10	76585339	0.103340554317063
451	ENSG00000156802	8	124332089	0.00351881744213251
452	ENSG00000156858	16	30662037	0.0821584315583132
453	ENSG00000156860	16	30669751	0.652114134987793
454	ENSG00000156983	3	9773412	0.823978424455463
455	ENSG00000157212	7	154735396	0.756287659166507
456	ENSG00000157259	7	92076766	0.228162586724766
457	ENSG00000158019	2	28113595	0.144159438570942
458	ENSG00000158161	1	28296854	0.145307384550776
459	ENSG00000158290	23	119658463	0.0332157350222661
460	ENSG00000158806	8	21881635	0.000282325372366241
461	ENSG00000159259	21	37757675	0.186988350542481
462	ENSG00000159267	21	38123188	0.970100604064986
463	ENSG00000159339	1	17634689	0.715977821570722
464	ENSG00000159692	4	1205235	0.467197843620754
465	ENSG00000160224	21	45705720	0.491260695146729
466	ENSG00000160310	21	48055078	0.237148177613287
467	ENSG00000160633	19	5623045	0.133052196605862
468	ENSG00000160679	1	153606524	0.154440774765002
469	ENSG00000160949	8	145654164	0.00117998862054922
470	ENSG00000160953	19	1285889	0.0557283891729223
471	ENSG00000161036	7	102105375	0.780218901575134
472	ENSG00000161405	17	37921197	0.00314503664169631
473	ENSG00000161956	17	7465191	0.543894862679042
474	ENSG00000162227	11	62538774	0.0469871971755157
475	ENSG00000162302	11	64126619	0.0384658879993113
476	ENSG00000162409	1	57110994	0.786527671220467
477	ENSG00000162521	1	33116742	0.744891185557549
478	ENSG00000162601	1	59120410	0.691973106926064
479	ENSG00000162676	1	92940318	0.0283955974490043
480	ENSG00000162961	2	32092877	0.112712214102154
481	ENSG00000162971	2	200794697	0.168787769647955
482	ENSG00000163104	4	95128761	0.42712591700688
483	ENSG00000163159	1	151142462	0.248120429687149
484	ENSG00000163322	4	84390176	0.278392150973581
485	ENSG00000163517	3	13521223	0.173924855129716
486	ENSG00000163602	3	72420975	0.596615460738035
487	ENSG00000163605	3	73045935	0.992122504893679
488	ENSG00000163635	3	63850232	0.0290525175102501
489	ENSG00000163832	3	47537129	0.0769587710368726
490	ENSG00000163840	3	122283084	0.879880202799097
491	ENSG00000163872	3	183415605	0.000349285421172039
492	ENSG00000163875	1	37958175	0.919460306019659
493	ENSG00000163930	3	52435028	0.0535069805813377
494	ENSG00000163932	3	53195135	0.909941715781219
495	ENSG00000163935	3	52937587	0.642373354174519
496	ENSG00000163939	3	52579367	0.18898406201676
497	ENSG00000163961	3	196195653	0.279058051104227
498	ENSG00000164080	3	51575595	0.0497667966005118
499	ENSG00000164091	3	52288436	0.0646789010894126
500	ENSG00000164105	4	174291119	0.175478359440052
501	ENSG00000164169	4	148558935	0.00400182978834336
502	ENSG00000164190	5	36876860	0.57960660660813
503	ENSG00000164256	5	23507263	0.0858096326858255
504	ENSG00000164576	5	153825516	0.122901712383319
505	ENSG00000164663	6	41757633	0.912304321328212
506	ENSG00000164885	7	150750898	0.548335479437154
507	ENSG00000164924	8	101928752	3.60976951108365e-05
508	ENSG00000164951	8	94870034	0.756781323009803
509	ENSG00000164985	9	15464063	0.168132043181092
510	ENSG00000165097	6	18155559	0.529514383076149
511	ENSG00000165156	8	124260695	0.478768594871668
512	ENSG00000165288	23	79926352	0.269864912630039
513	ENSG00000165632	10	7860466	0.68196881477289
514	ENSG00000165660	10	126490353	0.476256234644247
515	ENSG00000165671	5	176560079	0.900250913086608
516	ENSG00000165702	9	135820931	0.399338953672999
517	ENSG00000165732	10	70715883	0.0118788307059501
518	ENSG00000166135	10	102288828	0.347824568391046
519	ENSG00000166164	16	50347397	0.554117012660206
520	ENSG00000166266	11	107879458	0.403756035142564
521	ENSG00000166313	11	6416354	0.155205489239186
522	ENSG00000166337	11	6627525	0.812747158237827
523	ENSG00000166349	11	36537013	0.699713198123655
524	ENSG00000166446	16	80631802	0.234701250756674
525	ENSG00000166477	15	52230221	0.394055328503998
526	ENSG00000166501	16	23847321	0.00233415490245443
527	ENSG00000166716	15	85291865	0.198265460535148
528	ENSG00000166913	20	43514316	0.0741361611139598
529	ENSG00000166987	12	57914492	0.85918268178516
530	ENSG00000167491	19	19496634	0.805147898810137
531	ENSG00000167548	12	49412757	0.900034211737766
532	ENSG00000167657	19	3958450	0.968025248968074
533	ENSG00000167670	19	4402658	0.869283717167598
534	ENSG00000167986	11	61066922	0.605633666781007
535	ENSG00000168078	8	27667136	0.00781645570214959
536	ENSG00000168137	3	9439298	0.315636597197326
537	ENSG00000168283	10	22610139	0.624968037707424
538	ENSG00000168395	2	242641449	0.516027505534157
539	ENSG00000168453	8	21971927	0.111338895130296
540	ENSG00000168556	4	184426146	0.797160203109311
541	ENSG00000168769	4	106067449	0.00681781320108528
542	ENSG00000169016	2	11584500	0.0568062580579667
543	ENSG00000169057	23	153287023	0.377069424658626
544	ENSG00000169375	15	75661719	0.433677012469331
545	ENSG00000169592	16	30006614	0.0271484875354445
546	ENSG00000169679	2	111395274	0.000638454748538862
547	ENSG00000169925	9	136895426	0.640983459472572
548	ENSG00000170004	17	7788123	0.65584218845212
549	ENSG00000170142	3	23847393	0.0269592069907374
550	ENSG00000170291	17	7154734	0.408631059377282
551	ENSG00000170312	10	62538088	0.000466885781290066
552	ENSG00000170322	11	129733530	0.428027527381565
553	ENSG00000170364	3	4344987	4.07531703943731e-05
554	ENSG00000170485	2	101436613	0.0357393045248381
555	ENSG00000171148	3	9821543	0.195644749096923
556	ENSG00000171311	10	99195898	0.542900680841317
557	ENSG00000171316	8	61591336	0.0145809088070273
558	ENSG00000171456	20	30946154	0.506114615040915
559	ENSG00000171634	17	65821639	0.813724868317294
560	ENSG00000171681	12	14518609	0.388302754724046
561	ENSG00000171720	5	141000442	0.425489864780302
562	ENSG00000171940	20	52183603	0.0255240019008412
563	ENSG00000171988	10	64926980	0.791886621604011
564	ENSG00000172273	11	118992296	0.205613033930269
565	ENSG00000172288	24	27768263	0.011089936990215
566	ENSG00000172352	24	26191375	0.874538224721479
567	ENSG00000172530	16	87985037	0.644994893758752
568	ENSG00000172534	23	153213003	0.963079820887755
569	ENSG00000172943	23	53963108	0.856982873436016
570	ENSG00000172977	11	65479466	0.226992853297959
571	ENSG00000173011	4	7043625	0.00018319730141314
572	ENSG00000173120	11	66886739	0.516492552433027
573	ENSG00000173473	3	47626761	0.786758148231906
574	ENSG00000173531	3	49721379	0.188723939114876
575	ENSG00000173575	15	93426525	0.395504804605605
576	ENSG00000173889	3	169805371	0.9595503861416
577	ENSG00000173894	17	77751930	0.0185005480745309
578	ENSG00000174197	15	41913421	0.0256217222149471
579	ENSG00000174579	3	135867763	0.011961555457098
580	ENSG00000174744	11	66104803	0.765417358179693
581	ENSG00000175029	10	126676420	0.753818103894461
582	ENSG00000175054	3	142168078	0.292909070130357
583	ENSG00000175097	11	36597123	0.983760371798401
584	ENSG00000175792	3	127783620	0.00155042759738344
585	ENSG00000176396	19	40028889	0.511754849411747
586	ENSG00000176401	19	40021629	0.757542257784118
587	ENSG00000176871	12	118470711	0.026281814549292
588	ENSG00000177189	23	20168028	0.949285669233631
589	ENSG00000177200	16	53088944	0.305043500143693
590	ENSG00000177485	23	119384606	0.997736028378967
591	ENSG00000177565	3	176737142	0.101644518110679
592	ENSG00000177602	17	3627210	0.00389910657417278
593	ENSG00000177889	12	93799448	0.547601054901146
594	ENSG00000178028	1	44679126	0.365058387489117
595	ENSG00000178093	19	19623226	0.186671248042218
596	ENSG00000178279	16	11361604	0.929258069873101
597	ENSG00000178568	2	212240445	0.978177951170198
598	ENSG00000178691	17	30264036	0.415324429551351
599	ENSG00000178896	8	145133528	0.0995385248751658
600	ENSG00000178913	5	140698056	0.890955430088126
601	ENSG00000178966	9	86595625	0.688764493611928
602	ENSG00000178999	17	8108055	0.002744949531515
603	ENSG00000179750	22	39378351	0.507713911952382
604	ENSG00000180198	1	28832454	0.0283888590476663
605	ENSG00000180370	3	196466727	0.0079092787738784
606	ENSG00000180628	10	92979907	0.00231324503479176
607	ENSG00000181090	9	140513443	0.231573373381615
608	ENSG00000181163	5	170814119	0.00444568830063917
609	ENSG00000181555	3	47058178	0.0198800070019021
610	ENSG00000181929	12	49396056	0.934757521492442
611	ENSG00000182134	1	151742582	0.151219906886787
612	ENSG00000182415	24	20137666	0.550893766093629
613	ENSG00000182568	3	18438747	0.0216364823025523
614	ENSG00000182952	6	26538632	0.678063422848373
615	ENSG00000182979	14	105886158	0.329504985034232
616	ENSG00000183207	19	49496704	0.0338037492950417
617	ENSG00000183337	23	39910498	0.431416349476112
618	ENSG00000183495	12	132434507	0.415053762540029
619	ENSG00000183576	14	99864082	0.948910285745336
620	ENSG00000183741	22	39257454	0.356323043397467
621	ENSG00000183878	24	15360258	0.227671009212966
622	ENSG00000184402	20	60718821	0.765324490308621
623	ENSG00000184828	18	45553043	0.15963635904638
624	ENSG00000185420	1	245912641	0.0245583376139727
625	ENSG00000185513	20	42136319	0.856865851900554
626	ENSG00000185515	23	154299694	0.301969542769821
627	ENSG00000185591	12	53773959	0.510329592137539
628	ENSG00000185619	4	699536	0.503653025793085
629	ENSG00000185658	21	40556101	0.49803523773029
630	ENSG00000185787	15	79102828	0.49397885616022
631	ENSG00000185811	7	50344377	2.72496785171973e-05
632	ENSG00000186280	11	94706844	0.645606890245336
633	ENSG00000186462	23	72432134	0.853974274150006
634	ENSG00000186532	17	1682778	0.388667627627644
635	ENSG00000186591	7	129470571	0.0444168596973388
636	ENSG00000187109	12	76438669	0.105925434421542
637	ENSG00000187325	23	77385244	0.852676442693219
638	ENSG00000187531	17	79869814	0.538978182670544
639	ENSG00000187555	16	8985950	0.0719963080564529
640	ENSG00000187569	12	7864049	0.332999562284161
641	ENSG00000187605	2	74273449	0.0391725902251734
642	ENSG00000187778	12	49950326	0.951591455091821
643	ENSG00000188895	17	38278550	0.421001492039826
644	ENSG00000188976	1	879583	0.00341818301581285
645	ENSG00000189079	12	46123447	0.133839388442587
646	ENSG00000189091	16	70557690	0.0855762969630263
647	ENSG00000189403	13	31032883	0.99952404808993
648	ENSG00000196116	9	100174231	0.287533166200296
649	ENSG00000196199	13	20207787	0.003052433311202
650	ENSG00000196284	6	44777053	0.293954781524395
651	ENSG00000196363	9	137000486	0.490911462940893
652	ENSG00000196367	7	98476112	0.47189299701946
653	ENSG00000196498	12	124808960	0.367954707683202
654	ENSG00000196591	6	114277792	0.04212099550471
655	ENSG00000196781	9	84198597	0.939662205648543
656	ENSG00000197114	20	62338816	0.466270315921706
657	ENSG00000197275	8	95384187	0.0201681081955109
658	ENSG00000197323	1	114935398	0.763265682352437
659	ENSG00000197724	9	96338688	0.127059063630792
660	ENSG00000197879	17	1367391	0.6186548386881
661	ENSG00000198157	23	80369199	0.746462814138182
662	ENSG00000198176	13	114239055	0.193228017667844
663	ENSG00000198408	10	103544199	0.138379955984029
664	ENSG00000198586	2	171847332	0.160485933406828
665	ENSG00000198604	14	35221936	0.151320879776863
666	ENSG00000198646	20	33284721	0.0457167202704226
667	ENSG00000198730	11	10772533	0.335035854855978
668	ENSG00000198830	1	26798940	0.656467981665754
669	ENSG00000198879	10	7200585	0.231676615432765
670	ENSG00000198890	1	107599266	0.922052496330918
671	ENSG00000198919	3	108308528	0.00134063434141381
672	ENSG00000198945	6	130334843	0.0549551099698049
673	ENSG00000204209	6	33289162	0.675528404362662
674	ENSG00000204227	6	33176271	0.114250102138724
675	ENSG00000204256	6	32936436	0.933877237388814
676	ENSG00000204371	6	31847535	0.952455186806341
677	ENSG00000204388	6	31795511	0.00363226520180109
678	ENSG00000204389	6	31783290	0.0143339455936791
679	ENSG00000204406	2	148778579	0.544256628683213
680	ENSG00000204644	6	29640168	0.971311092972738
681	ENSG00000204713	6	28870778	0.878111280307506
682	ENSG00000205307	7	100169854	0.701654347007275
683	ENSG00000205531	11	2965666	0.918124831563283
684	ENSG00000205581	21	40714240	0.113076103415896
685	ENSG00000205683	14	73086003	0.695018070908726
686	ENSG00000213341	10	101948054	0.420216049165298
687	ENSG00000221926	17	15531273	0.00909800919198234
688	ENSG00000223443	8	11994676	0.808319631038746
689	ENSG00000223496	16	70284133	0.655307750169093
690	ENSG00000225830	10	50663413	0.33525683214759
691	ENSG00000227345	10	51026324	0.2358146533362
692	ENSG00000235268	11	94758421	0.0921756889801412
693	ENSG00000239713	22	39436923	0.128821784130608
694	ENSG00000243811	22	39410367	0.1027234353983
695	ENSG00000244509	22	39410087	0.50254048147279
696	ENSG00000250506	17	73996986	0.857245957777341
697	ENSG00000253729	8	48685668	0.0150193142978059
698	ENSG00000255302	15	49170082	0.325817676921861
700	ENSG00000258315	17	6917813	0.30839932879204
702	ENSG00000272333	19	36208920	0.869837780508736
